x <-  5 +5 
y <-  10 +50